Multiple size <= 100
TEST 1 ARG:87 38 62 98 12 81 61 42 47 21 59 23 52 0 77 91 45 74 92 58 86 78 40 6 84 37 46 94 53 8 60 82 85 25 79 35 4 63 75 43 44 33 14 49 18 7 36 27 83 11 32 34 99 57 41 97 48 2 80 31 71 68 50 69 65 28 76 51 39 5 95 70 1 10 93 30 3 54 55 24 22 19 64 13 56 15 20 72 90 26 73 88 66 29 67 9 16 96 89 17
TEST 2 ARG:49 44 16 26 40 5 21 75 93 19 84 3 81 77 20 41 27 86 14 23 25 24 98 37 8 17 31 63 78 68 52 43 58 92 30 62 6 0 71 69 97 60 67 29 64 35 72 32 85 55 61 11 22 80 9 57 94 54 65 13 83 53 59 48 95 74 91 34 89 28 90 70 79 42 50 73 4 1 45 12 88 36 33 76 87 82 18 47 39 2 7 96 99 38 56 46 51 15 66 10
TEST 3 ARG:20 77 53 47 3 26 27 57 82 51 41 87 83 48 44 38 12 60 99 0 24 58 49 8 30 92 59 93 28 18 14 91 36 42 35 94 25 29 89 34 54 1 6 9 32 52 98 73 33 13 37 39 19 75 45 23 64 85 63 56 5 95 22 40 79 67 80 62 86 50 16 21 61 90 43 55 31 81 71 7 70 10 96 4 72 46 78 88 66 76 69 15 2 97 65 17 84 11 74 68
TEST 4 ARG:22 38 96 1 0 40 41 71 51 25 81 48 7 30 52 11 23 78 5 59 69 94 35 55 31 70 46 6 9 37 86 39 98 34 74 65 26 19 33 61 67 53 85 13 21 87 2 75 93 32 47 72 3 50 56 49 73 92 18 68 24 29 14 66 45 76 36 12 17 80 8 42 15 43 16 20 77 91 62 79 64 4 83 84 60 57 54 27 63 28 89 90 95 82 58 10 97 44 99 88
TEST 5 ARG:44 62 70 99 65 2 87 27 21 94 45 51 73 43 78 67 61 7 60 48 11 35 8 52 42 38 55 68 96 17 32 14 40 50 47 89 33 46 19 59 4 5 79 18 82 77 66 26 3 1 69 23 92 56 54 36 63 0 31 34 72 84 90 39 71 28 9 88 74 24 12 16 37 53 85 6 20 98 86 57 13 91 97 25 93 95 64 49 30 15 81 29 75 83 10 41 76 22 58 80
TEST 6 ARG:35 31 17 62 11 79 39 76 74 10 52 48 1 81 64 2 29 9 41 4 65 96 46 70 43 71 14 80 63 21 8 49 45 94 34 47 38 75 27 91 56 99 98 60 82 13 30 50 87 58 6 40 16 84 83 24 42 23 28 61 18 3 69 37 86 57 51 44 72 55 97 25 68 66 77 85 5 19 26 53 7 36 0 22 54 33 20 93 12 32 88 89 15 67 59 92 90 73 95 78
TEST 7 ARG:69 34 27 45 76 36 25 65 50 95 17 46 4 42 73 54 62 74 16 66 29 82 57 96 55 19 64 63 75 92 18 47 79 40 41 20 28 98 5 99 61 52 70 68 97 0 53 87 88 58 15 7 12 44 86 37 26 1 39 2 51 67 72 38 48 81 23 22 56 78 71 49 11 13 91 14 43 59 60 10 85 6 33 3 32 8 90 9 93 84 94 77 30 89 83 31 24 80 35 21
TEST 8 ARG:4 84 17 1 30 79 3 68 44 20 31 62 40 47 82 99 69 35 12 7 15 10 50 93 63 16 26 14 72 56 48 97 43 83 66 73 11 74 42 77 37 94 58 87 71 9 21 88 54 5 80 28 59 70 2 39 18 65 89 85 49 36 41 27 52 53 24 78 60 91 38 25 29 92 95 34 64 75 45 96 13 0 57 86 76 33 81 23 19 51 32 61 55 8 6 67 46 90 98 22
TEST 9 ARG:16 48 82 50 68 85 23 2 61 81 92 39 83 97 13 3 26 7 14 12 0 37 72 41 8 64 66 38 80 99 1 24 55 62 25 44 10 89 42 22 40 33 76 56 71 28 95 32 98 63 54 15 18 20 57 60 70 49 59 73 46 6 45 58 90 75 84 30 31 94 67 79 74 35 4 93 5 96 69 53 11 34 43 47 77 17 65 86 29 78 36 88 9 91 27 19 21 51 52 87
TEST 10 ARG:17 76 54 58 67 99 86 0 36 4 79 34 63 97 84 77 72 46 20 94 74 22 96 92 98 71 95 18 55 37 33 11 25 75 44 53 85 91 16 7 35 65 51 61 38 87 82 80 57 10 13 29 6 19 90 50 49 47 69 42 68 89 27 39 31 28 78 5 21 59 43 14 30 1 9 15 45 73 64 70 40 2 24 41 60 32 23 66 56 48 83 12 52 26 62 88 93 3 81 8
TEST 11 ARG:1 80 95 3 44 99 77 37 94 46 50 29 14 57 38 64 18 83 42 16 32 73 45 30 84 81 13 22 10 11 90 43 34 62 68 65 25 4 56 52 86 9 36 5 6 76 91 31 41 55 92 39 23 74 89 12 67 93 54 17 85 98 8 70 97 58 61 26 88 19 96 82 72 47 7 60 24 79 66 28 87 48 75 71 20 51 27 40 59 49 78 53 69 35 33 21 2 63 15 0
